<?xml version="1.0" encoding="utf-8"?>
<COLLADA xmlns="http://www.collada.org/2005/11/COLLADASchema" version="1.4.1">
<asset>
	<contributor>
		<author></author>
		<authoring_tool>Collada Exporter for Blender 2.6+, by Juan Linietsky (juan@codenix.com)</authoring_tool>
	</contributor>
	<created>2023-11-07T00:36:21Z</created>
	<modified>2023-11-07T00:36:21Z</modified>
	<unit meter="1.0" name="meter"/>
	<up_axis>Y_UP</up_axis>
</asset>
<library_visual_scenes>
	<visual_scene id="id-scene-1" name="scene">
		<node id="GTZ_F_NKD_Head_Base" name="GTZ_F_NKD_Head_Base" type="NODE">
			<matrix sid="transform"> 1.0 0.0 0.0 0.0 0.0 1.0 0.0 0.0 0.0 0.0 1.0 0.0 0.0 0.0 0.0 1.0  </matrix>
			<node id="id-bone-3" sid="id-skelbones-2-0" name="Dummy_Root" type="JOINT">
				<matrix sid="transform"> 1.0 0.0 0.0 0.0 0.0 1.0 1.1920928955078125e-07 0.0 0.0 -1.1920928955078125e-07 1.0 0.0 0.0 0.0 0.0 1.0  </matrix>
				<node id="id-bone-4" sid="id-skelbones-2-1" name="Root_M" type="JOINT">
					<matrix sid="transform"> -1.7658807749398875e-09 4.284083843231201e-08 -0.9999999403953552 -2.446319031338697e-15 0.9997769594192505 0.021117212250828743 -1.979060471057892e-09 1.04531991481781 0.02111721597611904 -0.9997768402099609 1.1175870895385742e-08 -0.026899753138422966 0.0 0.0 0.0 1.0  </matrix>
					<node id="id-bone-5" sid="id-skelbones-2-2" name="Spine1_M" type="JOINT">
						<matrix sid="transform"> 0.99977707862854 0.021114608272910118 -4.2962295054849164e-08 0.07128101587295532 -0.021114610135555267 0.99977707862854 -3.0807911777230856e-11 3.469446951953614e-17 4.2952070344881577e-08 9.379329535263992e-10 1.0 2.9854794192374356e-09 0.0 0.0 0.0 1.0  </matrix>
						<node id="id-bone-6" sid="id-skelbones-2-3" name="Spine2_M" type="JOINT">
							<matrix sid="transform"> 0.99977707862854 0.021113377064466476 -1.3939297494047764e-09 0.08502603322267532 -0.021113380789756775 0.99977707862854 5.109446199469403e-11 4.0978193283081055e-08 1.3946976906709097e-09 -2.165667645215308e-11 1.0 -8.72993899392327e-11 0.0 0.0 0.0 1.0  </matrix>
							<node id="id-bone-7" sid="id-skelbones-2-4" name="Chest_M" type="JOINT">
								<matrix sid="transform"> 0.9997771382331848 0.021113842725753784 -6.96105006969816e-10 0.08502614498138428 -0.021113842725753784 0.9997771382331848 6.583378286961761e-11 -1.1175870895385742e-08 6.973421839973071e-10 -5.112443801635891e-11 1.0 -2.058690440343014e-10 0.0 0.0 0.0 1.0  </matrix>
								<node id="id-bone-8" sid="id-skelbones-2-5" name="Neck_M" type="JOINT">
									<matrix sid="transform"> 0.958922266960144 -0.2836691737174988 3.138883153397387e-09 0.27765199542045593 0.2836691737174988 0.9589223265647888 6.177058864409446e-12 -0.02208402194082737 -3.0117011107222424e-09 8.844756038683954e-10 1.0 -8.657204952911002e-10 0.0 0.0 0.0 1.0  </matrix>
									<node id="id-bone-9" sid="id-skelbones-2-6" name="Head_M" type="JOINT">
										<matrix sid="transform"> 0.9795268774032593 0.2013138383626938 1.837825447381647e-10 0.11485794931650162 -0.2013138383626938 0.9795268774032593 -4.2248760045993095e-11 -1.0710209608078003e-08 -1.885253342326365e-10 4.3876152711064265e-12 1.0 2.5065782782718316e-12 0.0 0.0 0.0 1.0  </matrix>
										<node id="id-bone-10" sid="id-skelbones-2-7" name="piercing_base" type="JOINT">
											<matrix sid="transform"> 1.0 -4.394678398966789e-07 4.0115480381963664e-16 -2.6373752959329977e-08 4.394678398966789e-07 1.0 2.6277591214096674e-14 1.4959368854761124e-08 -1.0946105133413653e-15 -2.0691781621451355e-14 1.0 4.551914400963142e-15 0.0 0.0 0.0 1.0  </matrix>
											<node id="id-bone-11" sid="id-skelbones-2-8" name="piercing_tragus_a_r" type="JOINT">
												<matrix sid="transform"> -0.29239222407341003 0.9451537728309631 0.14557114243507385 0.024728992953896523 0.779483437538147 0.3237380087375641 -0.5362826585769653 0.005768999457359314 -0.5539965629577637 -0.04333459958434105 -0.8313904404640198 0.07405400276184082 0.0 0.0 0.0 1.0  </matrix>
													<extra>
														<technique profile="LSTools">
														</technique>
													</extra>
											</node>
											<node id="id-bone-12" sid="id-skelbones-2-9" name="piercing_helix_b_r" type="JOINT">
												<matrix sid="transform"> -0.2646201550960541 0.9634678959846497 -0.041307687759399414 0.06253890693187714 0.7683936357498169 0.18477244675159454 -0.6127235889434814 -0.04445798322558403 -0.5827068090438843 -0.19387957453727722 -0.7892170548439026 0.10763903707265854 0.0 0.0 0.0 1.0  </matrix>
													<extra>
														<technique profile="LSTools">
														</technique>
													</extra>
											</node>
											<node id="id-bone-13" sid="id-skelbones-2-10" name="piercing_helix_a_r" type="JOINT">
												<matrix sid="transform"> -0.2499866932630539 0.9679654240608215 0.023432835936546326 0.08196480572223663 0.7420746088027954 0.207081601023674 -0.6375283598899841 -0.05279996246099472 -0.6219580769538879 -0.1419847309589386 -0.7700704336166382 0.11393304169178009 0.0 0.0 0.0 1.0  </matrix>
													<extra>
														<technique profile="LSTools">
														</technique>
													</extra>
											</node>
											<node id="id-bone-14" sid="id-skelbones-2-11" name="piercing_lobe_b_r" type="JOINT">
												<matrix sid="transform"> 0.0004150148597545922 0.9999997615814209 -0.00016233442875090986 0.012061972171068192 0.9313790202140808 -0.0004455622110981494 -0.36405056715011597 -0.010923990048468113 -0.36405059695243835 -1.3656881492352113e-07 -0.9313791990280151 0.08231200277805328 0.0 0.0 0.0 1.0  </matrix>
													<extra>
														<technique profile="LSTools">
														</technique>
													</extra>
											</node>
											<node id="id-bone-15" sid="id-skelbones-2-12" name="piercing_lobe_a_r" type="JOINT">
												<matrix sid="transform"> 0.0003530126123223454 0.9999998211860657 -0.0002712206041906029 0.006626890040934086 0.7928649187088013 -0.00044515254558064044 -0.6093972325325012 -0.003255977761000395 -0.609397292137146 6.829870358160406e-08 -0.7928650975227356 0.07809600979089737 0.0 0.0 0.0 1.0  </matrix>
													<extra>
														<technique profile="LSTools">
														</technique>
													</extra>
											</node>
											<node id="id-bone-16" sid="id-skelbones-2-13" name="piercing_tragus_a_l" type="JOINT">
												<matrix sid="transform"> 0.2923922836780548 0.9451538920402527 0.14557121694087982 0.024728985503315926 -0.7794833183288574 0.32373812794685364 -0.5362828969955444 0.005768985021859407 -0.5539968013763428 0.043334659188985825 0.8313902020454407 -0.07405401021242142 0.0 0.0 0.0 1.0  </matrix>
													<extra>
														<technique profile="LSTools">
														</technique>
													</extra>
											</node>
											<node id="id-bone-17" sid="id-skelbones-2-14" name="piercing_helix_b_l" type="JOINT">
												<matrix sid="transform"> 0.26462000608444214 0.9634677171707153 -0.04130669683218002 0.06253889948129654 -0.7683935165405273 0.18477293848991394 -0.6127237677574158 -0.044457994401454926 -0.5827071666717529 0.19387878477573395 0.7892169952392578 -0.10763901472091675 0.0 0.0 0.0 1.0  </matrix>
													<extra>
														<technique profile="LSTools">
														</technique>
													</extra>
											</node>
											<node id="id-bone-18" sid="id-skelbones-2-15" name="piercing_helix_a_l" type="JOINT">
												<matrix sid="transform"> 0.249986931681633 0.9679657220840454 0.023432962596416473 0.08196491748094559 -0.7420746088027954 0.20708179473876953 -0.6375284790992737 -0.052799977362155914 -0.6219581365585327 0.1419847309589386 0.770070493221283 -0.1139330193400383 0.0 0.0 0.0 1.0  </matrix>
													<extra>
														<technique profile="LSTools">
														</technique>
													</extra>
											</node>
											<node id="id-bone-19" sid="id-skelbones-2-16" name="piercing_lobe_b_l" type="JOINT">
												<matrix sid="transform"> -0.00041476034675724804 0.9999998211860657 -0.00016194218187592924 0.01206196565181017 -0.9313786625862122 -0.0004453574074432254 -0.36405131220817566 -0.010923996567726135 -0.36405131220817566 -2.0485587981511344e-07 0.9313789010047913 -0.08231200277805328 0.0 0.0 0.0 1.0  </matrix>
													<extra>
														<technique profile="LSTools">
														</technique>
													</extra>
											</node>
											<node id="id-bone-20" sid="id-skelbones-2-17" name="piercing_lobe_a_l" type="JOINT">
												<matrix sid="transform"> -0.00035277969436720014 0.9999998211860657 -0.0002711249398998916 0.006626883056014776 -0.7928647398948669 -0.0004450842388905585 -0.6093973517417908 -0.003255992429330945 -0.6093973517417908 -1.365711312928397e-07 0.7928649187088013 -0.07809600979089737 0.0 0.0 0.0 1.0  </matrix>
													<extra>
														<technique profile="LSTools">
														</technique>
													</extra>
											</node>
											<node id="id-bone-21" sid="id-skelbones-2-18" name="piercing_brow_b_l" type="JOINT">
												<matrix sid="transform"> -0.14813274145126343 0.9889256954193115 -0.009091995656490326 0.06109488010406494 -0.7171021103858948 -0.11373776942491531 -0.6876251697540283 0.08502197265625 -0.681044340133667 -0.09533991664648056 0.7260088920593262 -0.05291099473834038 0.0 0.0 0.0 1.0  </matrix>
													<extra>
														<technique profile="LSTools">
														</technique>
													</extra>
											</node>
											<node id="id-bone-22" sid="id-skelbones-2-19" name="piercing_brow_a_r" type="JOINT">
												<matrix sid="transform"> 0.18419794738292694 0.9496500492095947 -0.2534487247467041 0.07080299407243729 0.8343693017959595 -0.28737249970436096 -0.4703671634197235 0.0833219587802887 -0.5195183157920837 -0.12482911348342896 -0.8452920317649841 0.052978016436100006 0.0 0.0 0.0 1.0  </matrix>
													<extra>
														<technique profile="LSTools">
														</technique>
													</extra>
											</node>
											<node id="id-bone-23" sid="id-skelbones-2-20" name="piercing_nostril_a_l" type="JOINT">
												<matrix sid="transform"> -0.16090290248394012 0.91457200050354 -0.37103697657585144 0.02008591592311859 -0.9048103094100952 -0.28685516119003296 -0.3146941363811493 0.10782095789909363 -0.39424437284469604 0.2850828170776367 0.8736699819564819 -0.00860199797898531 0.0 0.0 0.0 1.0  </matrix>
													<extra>
														<technique profile="LSTools">
														</technique>
													</extra>
											</node>
											<node id="id-bone-24" sid="id-skelbones-2-21" name="piercing_bridge_a_r" type="JOINT">
												<matrix sid="transform"> 0.00044558782246895134 0.9999995231628418 -8.522133754240713e-08 0.0406239852309227 0.9999998211860657 -0.0004454766749404371 3.040575506929599e-07 0.10041996091604233 3.0401952244574204e-07 -8.535673146070621e-08 -1.0 0.005688999313861132 0.0 0.0 0.0 1.0  </matrix>
													<extra>
														<technique profile="LSTools">
														</technique>
													</extra>
											</node>
											<node id="id-bone-25" sid="id-skelbones-2-22" name="piercing_septum_a_m" type="JOINT">
												<matrix sid="transform"> -1.0223903501582754e-07 0.9926962852478027 -0.12064126878976822 0.01724485121667385 1.3266975429360173e-07 -0.12064128369092941 -0.9926962852478027 0.11160394549369812 -1.0000001192092896 -3.725289587919178e-08 -1.1831335910983398e-07 3.61666252501891e-12 0.0 0.0 0.0 1.0  </matrix>
													<extra>
														<technique profile="LSTools">
														</technique>
													</extra>
											</node>
											<node id="id-bone-26" sid="id-skelbones-2-23" name="piercing_brow_b_r" type="JOINT">
												<matrix sid="transform"> 0.1481328308582306 0.9889259338378906 -0.009091929532587528 0.06109488382935524 0.7171021103858948 -0.11373784393072128 -0.6876251697540283 0.08502197265625 -0.681044340133667 0.09534011036157608 -0.726008951663971 0.05291102081537247 0.0 0.0 0.0 1.0  </matrix>
													<extra>
														<technique profile="LSTools">
														</technique>
													</extra>
											</node>
											<node id="id-bone-27" sid="id-skelbones-2-24" name="piercing_bridge_a_l" type="JOINT">
												<matrix sid="transform"> -0.00044524669647216797 0.9999998211860657 5.81646675268388e-11 0.0406239852309227 -0.9999998211860657 -0.0004454086010809988 1.3058495085260802e-07 0.10041996836662292 1.3058495085260802e-07 -9.118140270603092e-16 1.0 -0.005689000245183706 0.0 0.0 0.0 1.0  </matrix>
													<extra>
														<technique profile="LSTools">
														</technique>
													</extra>
											</node>
											<node id="id-bone-28" sid="id-skelbones-2-25" name="piercing_nostril_a_r" type="JOINT">
												<matrix sid="transform"> 0.1609017252922058 0.9145721793174744 -0.37103691697120667 0.02008591592311859 0.9048104882240295 -0.286854088306427 -0.314694344997406 0.10782096534967422 -0.3942442238330841 -0.28508317470550537 -0.8736699223518372 0.008601998910307884 0.0 0.0 0.0 1.0  </matrix>
													<extra>
														<technique profile="LSTools">
														</technique>
													</extra>
											</node>
											<node id="id-bone-29" sid="id-skelbones-2-26" name="piercing_brow_a_l" type="JOINT">
												<matrix sid="transform"> -0.18419770896434784 0.9496499300003052 -0.2534485161304474 0.07080299407243729 -0.8343688249588013 -0.2873721122741699 -0.4703678488731384 0.0833219587802887 -0.5195188522338867 0.12482881546020508 0.8452916145324707 -0.05297800153493881 0.0 0.0 0.0 1.0  </matrix>
													<extra>
														<technique profile="LSTools">
														</technique>
													</extra>
											</node>
												<extra>
													<technique profile="LSTools">
													</technique>
												</extra>
										</node>
										<node id="id-bone-30" sid="id-skelbones-2-27" name="beard_base" type="JOINT">
											<matrix sid="transform"> 1.0 -9.120558388531208e-07 1.8156049580442257e-14 -2.6373752959329977e-08 9.120558388531208e-07 1.0 6.728992363314035e-15 1.4959368854761124e-08 -1.9522577998642987e-14 -4.1234377023968705e-15 1.0 4.551914400963142e-15 0.0 0.0 0.0 1.0  </matrix>
											<node id="id-bone-31" sid="id-skelbones-2-28" name="beard_smileline2_r" type="JOINT">
												<matrix sid="transform"> -5.522664991985948e-08 0.9999997615814209 -0.0004454672452993691 -0.03135599195957184 1.2551247152714495e-07 -0.00044546721619553864 -0.9999998807907104 0.08886897563934326 -1.0 -3.7427522414645864e-08 -1.2548785832677822e-07 0.033791009336709976 0.0 0.0 0.0 1.0  </matrix>
													<extra>
														<technique profile="LSTools">
														</technique>
													</extra>
											</node>
											<node id="id-bone-32" sid="id-skelbones-2-29" name="beard_smileline3_r" type="JOINT">
												<matrix sid="transform"> -1.6505616429185466e-07 1.0 -0.0004454579029697925 -0.04620901122689247 1.4427783412429562e-07 -0.0004454579611774534 -0.9999999403953552 0.0851689800620079 -1.0000001192092896 -1.8713761207322932e-08 -1.4420427874028974e-07 0.03048800490796566 0.0 0.0 0.0 1.0  </matrix>
													<extra>
														<technique profile="LSTools">
														</technique>
													</extra>
											</node>
											<node id="id-bone-33" sid="id-skelbones-2-30" name="beard_smileline3_l" type="JOINT">
												<matrix sid="transform"> -1.6505616429185466e-07 1.0 -0.0004454579029697925 -0.04620901495218277 1.4427783412429562e-07 -0.0004454579611774534 -0.9999999403953552 0.0851689800620079 -1.0000001192092896 -1.8713761207322932e-08 -1.4420427874028974e-07 -0.03048800490796566 0.0 0.0 0.0 1.0  </matrix>
													<extra>
														<technique profile="LSTools">
														</technique>
													</extra>
											</node>
											<node id="id-bone-34" sid="id-skelbones-2-31" name="beard_upper_lip1_r" type="JOINT">
												<matrix sid="transform"> -1.2295960516439663e-07 1.0 -0.0004455374146346003 -0.011351160705089569 1.068262562853306e-07 -0.0004455374728422612 -0.9999999403953552 0.10738295316696167 -1.0000001192092896 -5.61121815678689e-08 -1.0677146633497614e-07 0.01531900092959404 0.0 0.0 0.0 1.0  </matrix>
													<extra>
														<technique profile="LSTools">
														</technique>
													</extra>
											</node>
											<node id="id-bone-35" sid="id-skelbones-2-32" name="beard_smileline2_l" type="JOINT">
												<matrix sid="transform"> -5.522664991985948e-08 0.9999997615814209 -0.0004454672452993691 -0.03135504201054573 1.2551247152714495e-07 -0.00044546721619553864 -0.9999998807907104 0.08886896073818207 -1.0 -3.7427522414645864e-08 -1.2548785832677822e-07 -0.03379099443554878 0.0 0.0 0.0 1.0  </matrix>
													<extra>
														<technique profile="LSTools">
														</technique>
													</extra>
											</node>
											<node id="id-bone-36" sid="id-skelbones-2-33" name="beard_upper_lip2_r" type="JOINT">
												<matrix sid="transform"> -1.615637046370466e-07 1.0 -0.0004454613954294473 -0.01740703172981739 1.4427627093027695e-07 -0.0004454614536371082 -0.9999999403953552 0.10048597306013107 -1.0000001192092896 -1.8713761207322932e-08 -1.4420427874028974e-07 0.02472900226712227 0.0 0.0 0.0 1.0  </matrix>
													<extra>
														<technique profile="LSTools">
														</technique>
													</extra>
											</node>
											<node id="id-bone-37" sid="id-skelbones-2-34" name="beard_lower_lip1_l" type="JOINT">
												<matrix sid="transform"> -1.7970371857245482e-07 1.0 -0.00044546197750605643 -0.03852700814604759 1.255679507039531e-07 -0.00044546203571371734 -0.9999999403953552 0.10018698871135712 -1.0000001192092896 -3.7427522414645864e-08 -1.2548787253763294e-07 -0.016221001744270325 0.0 0.0 0.0 1.0  </matrix>
													<extra>
														<technique profile="LSTools">
														</technique>
													</extra>
											</node>
											<node id="id-bone-38" sid="id-skelbones-2-35" name="beard_cheek_l" type="JOINT">
												<matrix sid="transform"> -8.328274248015077e-08 1.0 -0.0004454391892068088 -0.01111801527440548 1.2552499129014905e-07 -0.0004454392474144697 -0.9999999403953552 0.06671596318483353 -1.0000001192092896 -3.7427522414645864e-08 -1.2548787253763294e-07 -0.05251900106668472 0.0 0.0 0.0 1.0  </matrix>
													<extra>
														<technique profile="LSTools">
														</technique>
													</extra>
											</node>
											<node id="id-bone-39" sid="id-skelbones-2-36" name="beard_upper_lip1_l" type="JOINT">
												<matrix sid="transform"> -1.2295960516439663e-07 1.0 -0.0004455374146346003 -0.011351161636412144 1.068262562853306e-07 -0.0004455374728422612 -0.9999999403953552 0.10738295316696167 -1.0000001192092896 -5.61121815678689e-08 -1.0677146633497614e-07 -0.015319004654884338 0.0 0.0 0.0 1.0  </matrix>
													<extra>
														<technique profile="LSTools">
														</technique>
													</extra>
											</node>
											<node id="id-bone-40" sid="id-skelbones-2-37" name="beard_lower_lip_m" type="JOINT">
												<matrix sid="transform"> -1.8517796718242607e-07 1.0 -0.00044546255958266556 -0.04075805842876434 1.1949131817345915e-07 -0.0004454626177903265 -0.9999999403953552 0.10400897264480591 -1.0000001192092896 -4.3481119149646474e-08 -1.1940880995098269e-07 -8.557599073810707e-12 0.0 0.0 0.0 1.0  </matrix>
													<extra>
														<technique profile="LSTools">
														</technique>
													</extra>
											</node>
											<node id="id-bone-41" sid="id-skelbones-2-38" name="beard_upper_lip_m" type="JOINT">
												<matrix sid="transform"> -1.1500863195124111e-07 1.0 -0.00044553272891789675 -0.008482001721858978 1.19460040082231e-07 -0.00044553278712555766 -0.9999999403953552 0.11242595314979553 -1.0000001192092896 -4.3481119149646474e-08 -1.1940878152927326e-07 -1.7830181775480014e-12 0.0 0.0 0.0 1.0  </matrix>
													<extra>
														<technique profile="LSTools">
														</technique>
													</extra>
											</node>
											<node id="id-bone-42" sid="id-skelbones-2-39" name="beard_cheek_r" type="JOINT">
												<matrix sid="transform"> -1.207102542366556e-07 1.0 -0.00044540176168084145 -0.011118129827082157 1.2554164641187526e-07 -0.00044540181988850236 -0.9999999403953552 0.06671597063541412 -1.0000001192092896 -3.7427522414645864e-08 -1.2548787253763294e-07 0.05251901596784592 0.0 0.0 0.0 1.0  </matrix>
													<extra>
														<technique profile="LSTools">
														</technique>
													</extra>
											</node>
											<node id="id-bone-43" sid="id-skelbones-2-40" name="beard_lower_lip1_r" type="JOINT">
												<matrix sid="transform"> -1.802857951815895e-07 1.0 -0.0004454613954294473 -0.038527004420757294 1.2556820649933798e-07 -0.0004454614536371082 -0.9999999403953552 0.10018698871135712 -1.0000001192092896 -3.7427522414645864e-08 -1.2548787253763294e-07 0.016221001744270325 0.0 0.0 0.0 1.0  </matrix>
													<extra>
														<technique profile="LSTools">
														</technique>
													</extra>
											</node>
											<node id="id-bone-44" sid="id-skelbones-2-41" name="beard_upper_lip2_l" type="JOINT">
												<matrix sid="transform"> -1.6098162802791194e-07 1.0 -0.00044546197750605643 -0.017407989129424095 1.4427601513489208e-07 -0.00044546203571371734 -0.9999999403953552 0.10048496723175049 -1.0000001192092896 -1.8713761207322932e-08 -1.4420427874028974e-07 -0.024730009958148003 0.0 0.0 0.0 1.0  </matrix>
													<extra>
														<technique profile="LSTools">
														</technique>
													</extra>
											</node>
											<node id="id-bone-45" sid="id-skelbones-2-42" name="beard_lower_lip2_l" type="JOINT">
												<matrix sid="transform"> -7.860536754833447e-08 0.9999997615814209 -0.00044546255958266556 -0.03341696038842201 1.068064818809944e-07 -0.0004454625304788351 -0.9999998807907104 0.09498997032642365 -1.0 -5.61121815678689e-08 -1.067714734404035e-07 -0.025210006162524223 0.0 0.0 0.0 1.0  </matrix>
													<extra>
														<technique profile="LSTools">
														</technique>
													</extra>
											</node>
											<node id="id-bone-46" sid="id-skelbones-2-43" name="beard_labiomental_r" type="JOINT">
												<matrix sid="transform"> -1.6039955141877726e-07 1.0 -0.00044546255958266556 -0.04837499558925629 1.442757451286525e-07 -0.0004454626177903265 -0.9999999403953552 0.09628398716449738 -1.0000001192092896 -1.8713761207322932e-08 -1.4420427874028974e-07 0.020244000479578972 0.0 0.0 0.0 1.0  </matrix>
													<extra>
														<technique profile="LSTools">
														</technique>
													</extra>
											</node>
											<node id="id-bone-47" sid="id-skelbones-2-44" name="beard_jaw_m" type="JOINT">
												<matrix sid="transform"> -1.4079461152505246e-07 1.0 -0.0004453877336345613 -0.06868405640125275 1.1947152245284087e-07 -0.0004453877918422222 -0.9999999403953552 0.09346997737884521 -1.0000001192092896 -4.3481119149646474e-08 -1.1940879574012797e-07 -1.4419576643831533e-11 0.0 0.0 0.0 1.0  </matrix>
													<extra>
														<technique profile="LSTools">
														</technique>
													</extra>
											</node>
											<node id="id-bone-48" sid="id-skelbones-2-45" name="beard_jaw_l" type="JOINT">
												<matrix sid="transform"> -1.5812535991699406e-07 1.0 -0.00044540176168084145 -0.042084019631147385 8.812551754999731e-08 -0.00044540181988850236 -0.9999999403953552 0.043758995831012726 -1.0000001192092896 -7.4825940998835e-08 -8.80550672377467e-08 -0.04962300881743431 0.0 0.0 0.0 1.0  </matrix>
													<extra>
														<technique profile="LSTools">
														</technique>
													</extra>
											</node>
											<node id="id-bone-49" sid="id-skelbones-2-46" name="beard_jaw_base_l" type="JOINT">
												<matrix sid="transform"> -8.338248136396942e-08 1.0 -0.00044540176168084145 -0.01595597341656685 -7.546077540609986e-08 -0.0004454017907846719 -0.9999999403953552 0.02722698450088501 -1.0000001192092896 -1.2738562375075313e-15 7.549790836947068e-08 -0.06380999088287354 0.0 0.0 0.0 1.0  </matrix>
													<extra>
														<technique profile="LSTools">
														</technique>
													</extra>
											</node>
											<node id="id-bone-50" sid="id-skelbones-2-47" name="beard_jaw_base_r" type="JOINT">
												<matrix sid="transform"> 8.021015673875809e-08 0.9999998211860657 -0.0004453269357327372 -0.0159559678286314 -7.553362024736998e-08 -0.0004453269066289067 -0.9999998807907104 0.027226991951465607 -1.0 -1.557835891535797e-15 7.549790836947068e-08 0.06380902230739594 0.0 0.0 0.0 1.0  </matrix>
													<extra>
														<technique profile="LSTools">
														</technique>
													</extra>
											</node>
											<node id="id-bone-51" sid="id-skelbones-2-48" name="beard_lower_lip2_r" type="JOINT">
												<matrix sid="transform"> -7.860536754833447e-08 0.9999997615814209 -0.00044546255958266556 -0.03341696038842201 1.068064818809944e-07 -0.0004454625304788351 -0.9999998807907104 0.09498997777700424 -1.0 -5.61121815678689e-08 -1.067714734404035e-07 0.025210006162524223 0.0 0.0 0.0 1.0  </matrix>
													<extra>
														<technique profile="LSTools">
														</technique>
													</extra>
											</node>
											<node id="id-bone-52" sid="id-skelbones-2-49" name="beard_labiomental_m" type="JOINT">
												<matrix sid="transform"> -1.8517796718242607e-07 1.0 -0.00044546255958266556 -0.05486799776554108 1.1949128975174972e-07 -0.0004454626177903265 -0.9999999403953552 0.10512597113847733 -1.0000001192092896 -4.3481119149646474e-08 -1.1940879574012797e-07 -1.1521894549559875e-11 0.0 0.0 0.0 1.0  </matrix>
													<extra>
														<technique profile="LSTools">
														</technique>
													</extra>
											</node>
											<node id="id-bone-53" sid="id-skelbones-2-50" name="beard_labiomental_l" type="JOINT">
												<matrix sid="transform"> -1.6039955141877726e-07 1.0 -0.00044546255958266556 -0.04837499558925629 1.442757451286525e-07 -0.0004454626177903265 -0.9999999403953552 0.09628398716449738 -1.0000001192092896 -1.8713761207322932e-08 -1.4420427874028974e-07 -0.02024400420486927 0.0 0.0 0.0 1.0  </matrix>
													<extra>
														<technique profile="LSTools">
														</technique>
													</extra>
											</node>
											<node id="id-bone-54" sid="id-skelbones-2-51" name="beard_chin_l" type="JOINT">
												<matrix sid="transform"> -1.3005259802412183e-07 1.0 -0.00044539241935126483 -0.06370603293180466 1.2554581019230682e-07 -0.00044539247755892575 -0.9999999403953552 0.08946098387241364 -1.0000001192092896 -3.7427522414645864e-08 -1.2548787253763294e-07 -0.01987600326538086 0.0 0.0 0.0 1.0  </matrix>
													<extra>
														<technique profile="LSTools">
														</technique>
													</extra>
											</node>
											<node id="id-bone-55" sid="id-skelbones-2-52" name="beard_smileline1_l" type="JOINT">
												<matrix sid="transform"> -1.7443593947064073e-07 1.0 -0.0004454672452993691 -0.017078040167689323 1.2556557749121566e-07 -0.00044546730350703 -0.9999999403953552 0.08681096136569977 -1.0000001192092896 -3.7427522414645864e-08 -1.2548787253763294e-07 -0.038360998034477234 0.0 0.0 0.0 1.0  </matrix>
													<extra>
														<technique profile="LSTools">
														</technique>
													</extra>
											</node>
											<node id="id-bone-56" sid="id-skelbones-2-53" name="beard_philtrum_m" type="JOINT">
												<matrix sid="transform"> -1.8049225047889195e-07 1.0 -0.0004454672452993691 0.006703010760247707 1.194892149669613e-07 -0.00044546730350703 -0.9999999403953552 0.11009195446968079 -1.0000001192092896 -4.3481119149646474e-08 -1.1940879574012797e-07 1.4024337247064977e-12 0.0 0.0 0.0 1.0  </matrix>
													<extra>
														<technique profile="LSTools">
														</technique>
													</extra>
											</node>
											<node id="id-bone-57" sid="id-skelbones-2-54" name="beard_philtrum_l" type="JOINT">
												<matrix sid="transform"> -1.7970371857245482e-07 1.0 -0.00044546197750605643 0.005274936091154814 1.255679507039531e-07 -0.00044546203571371734 -0.9999999403953552 0.10025394707918167 -1.0000001192092896 -3.7427522414645864e-08 -1.2548787253763294e-07 -0.017450999468564987 0.0 0.0 0.0 1.0  </matrix>
													<extra>
														<technique profile="LSTools">
														</technique>
													</extra>
											</node>
											<node id="id-bone-58" sid="id-skelbones-2-55" name="beard_ear_l" type="JOINT">
												<matrix sid="transform"> 5.438168582116987e-09 0.9999997615814209 -0.0004453269066289067 0.020603008568286896 8.805265849787247e-08 -0.00044532687752507627 -0.9999998807907104 0.015410982072353363 -1.0 -7.4825940998835e-08 -8.805508144860141e-08 -0.07073698192834854 0.0 0.0 0.0 1.0  </matrix>
													<extra>
														<technique profile="LSTools">
														</technique>
													</extra>
											</node>
											<node id="id-bone-59" sid="id-skelbones-2-56" name="beard_ear_r" type="JOINT">
												<matrix sid="transform"> -1.5812535991699406e-07 1.0 -0.00044540176168084145 0.020603014156222343 8.812551754999731e-08 -0.00044540181988850236 -0.9999999403953552 0.015410996973514557 -1.0000001192092896 -7.4825940998835e-08 -8.80550672377467e-08 0.07073701173067093 0.0 0.0 0.0 1.0  </matrix>
													<extra>
														<technique profile="LSTools">
														</technique>
													</extra>
											</node>
											<node id="id-bone-60" sid="id-skelbones-2-57" name="beard_philtrum_r" type="JOINT">
												<matrix sid="transform"> -1.802857951815895e-07 1.0 -0.0004454613954294473 0.005274937488138676 1.2556820649933798e-07 -0.0004454614536371082 -0.9999999403953552 0.10025393962860107 -1.0000001192092896 -3.7427522414645864e-08 -1.2548787253763294e-07 0.017450999468564987 0.0 0.0 0.0 1.0  </matrix>
													<extra>
														<technique profile="LSTools">
														</technique>
													</extra>
											</node>
											<node id="id-bone-61" sid="id-skelbones-2-58" name="beard_chin_r" type="JOINT">
												<matrix sid="transform"> -1.3942401722033537e-07 1.0 -0.00044538304791785777 -0.06370603293180466 1.2554998818359309e-07 -0.0004453831061255187 -0.9999999403953552 0.08946098387241364 -1.0000001192092896 -3.7427522414645864e-08 -1.2548787253763294e-07 0.01987599954009056 0.0 0.0 0.0 1.0  </matrix>
													<extra>
														<technique profile="LSTools">
														</technique>
													</extra>
											</node>
											<node id="id-bone-62" sid="id-skelbones-2-59" name="beard_smileline1_r" type="JOINT">
												<matrix sid="transform"> -1.8377825483639754e-07 1.0 -0.0004454579029697925 -0.017083996906876564 1.2556974127164722e-07 -0.0004454579611774534 -0.9999999403953552 0.08681098371744156 -1.0000001192092896 -3.7427522414645864e-08 -1.2548787253763294e-07 0.03836501017212868 0.0 0.0 0.0 1.0  </matrix>
													<extra>
														<technique profile="LSTools">
														</technique>
													</extra>
											</node>
											<node id="id-bone-63" sid="id-skelbones-2-60" name="beard_jaw_r" type="JOINT">
												<matrix sid="transform"> -1.2069783394963451e-07 1.0 -0.0004454391892068088 -0.042084015905857086 8.810884821741638e-08 -0.0004454392474144697 -0.9999999403953552 0.04375900700688362 -1.0000001192092896 -7.482593389340764e-08 -8.805506013231934e-08 0.04962301626801491 0.0 0.0 0.0 1.0  </matrix>
													<extra>
														<technique profile="LSTools">
														</technique>
													</extra>
											</node>
												<extra>
													<technique profile="LSTools">
													</technique>
												</extra>
										</node>
										<node id="id-bone-64" sid="id-skelbones-2-61" name="jaw" type="JOINT">
											<matrix sid="transform"> -1.1876299055302297e-07 1.0 -0.0004445753002073616 -0.008432031609117985 1.1945959954573482e-07 -0.0004445753584150225 -0.9999999403953552 0.024737991392612457 -1.0000001192092896 -4.3481119149646474e-08 -1.1940679200961313e-07 2.8180552362755407e-06 0.0 0.0 0.0 1.0  </matrix>
											<node id="id-bone-65" sid="id-skelbones-2-62" name="gullet" type="JOINT">
												<matrix sid="transform"> 1.0 2.143347999084e-11 -3.1171640557658975e-07 2.751146666923887e-06 -2.1416540416097085e-11 0.9999998807907104 5.0166800491524555e-08 -0.05186990275979042 3.1171640557658975e-07 -5.016681825509295e-08 1.0 -0.027796559035778046 0.0 0.0 0.0 1.0  </matrix>
													<extra>
														<technique profile="LSTools">
														</technique>
													</extra>
											</node>
											<node id="id-bone-66" sid="id-skelbones-2-63" name="tongue_r_02" type="JOINT">
												<matrix sid="transform"> 1.0 1.3064636178450328e-17 -3.098691934155795e-07 -0.006918175145983696 1.6753091969246015e-14 1.0 5.0166800491524555e-08 -0.013744118623435497 3.098691934155795e-07 -5.016681825509295e-08 1.0 -0.056215498596429825 0.0 0.0 0.0 1.0  </matrix>
													<extra>
														<technique profile="LSTools">
														</technique>
													</extra>
											</node>
											<node id="id-bone-67" sid="id-skelbones-2-64" name="tongue_r_01" type="JOINT">
												<matrix sid="transform"> 1.0 1.3064636178450328e-17 -3.098691934155795e-07 -0.0101911760866642 1.6753091969246015e-14 1.0 5.0166800491524555e-08 -0.0107762785628438 3.098691934155795e-07 -5.016681825509295e-08 1.0 -0.0442965105175972 0.0 0.0 0.0 1.0  </matrix>
													<extra>
														<technique profile="LSTools">
														</technique>
													</extra>
											</node>
											<node id="id-bone-68" sid="id-skelbones-2-65" name="tongue_l_02" type="JOINT">
												<matrix sid="transform"> 1.0 1.3064636178450328e-17 -3.098691934155795e-07 0.007208824157714844 1.6753091969246015e-14 1.0 5.0166800491524555e-08 -0.013610126450657845 3.098691934155795e-07 -5.016681825509295e-08 1.0 -0.05620251223444939 0.0 0.0 0.0 1.0  </matrix>
													<extra>
														<technique profile="LSTools">
														</technique>
													</extra>
											</node>
											<node id="id-bone-69" sid="id-skelbones-2-66" name="tongue_l_01" type="JOINT">
												<matrix sid="transform"> 1.0 1.3064636178450328e-17 -3.098691934155795e-07 0.010494822636246681 1.6753091969246015e-14 1.0 5.0166800491524555e-08 -0.010873193852603436 3.098691934155795e-07 -5.016681825509295e-08 1.0 -0.04427652060985565 0.0 0.0 0.0 1.0  </matrix>
													<extra>
														<technique profile="LSTools">
														</technique>
													</extra>
											</node>
											<node id="id-bone-70" sid="id-skelbones-2-67" name="lower_teeth" type="JOINT">
												<matrix sid="transform"> 1.0 -1.9596275990796386e-10 -3.1163284575086436e-07 0.0001238256663782522 1.9599612210985384e-10 0.9999998807907104 1.0033271280462941e-07 -0.021190103143453598 3.1163284575086436e-07 -1.0033272701548412e-07 1.0 -0.06318549811840057 0.0 0.0 0.0 1.0  </matrix>
													<extra>
														<technique profile="LSTools">
														</technique>
													</extra>
											</node>
											<node id="id-bone-71" sid="id-skelbones-2-68" name="chin_r" type="JOINT">
												<matrix sid="transform"> 1.0 3.604972223514302e-17 -3.0986913657216064e-07 -0.01626778393983841 3.096448878553426e-14 0.9999998807907104 1.0033271280462941e-07 -0.05584710091352463 3.0986913657216064e-07 -1.0033272701548412e-07 1.0 -0.0636921152472496 0.0 0.0 0.0 1.0  </matrix>
													<extra>
														<technique profile="LSTools">
														</technique>
													</extra>
											</node>
											<node id="id-bone-72" sid="id-skelbones-2-69" name="chin_l" type="JOINT">
												<matrix sid="transform"> 1.0 2.6725583551767684e-17 -3.0986913657216064e-07 0.016273431479930878 6.649162557353927e-14 0.9999998807907104 2.006663493148153e-07 -0.05584709718823433 3.0986913657216064e-07 -2.0066636352567002e-07 1.0 -0.063692107796669 0.0 0.0 0.0 1.0  </matrix>
													<extra>
														<technique profile="LSTools">
														</technique>
													</extra>
											</node>
											<node id="id-bone-73" sid="id-skelbones-2-70" name="lowerlip_12" type="JOINT">
												<matrix sid="transform"> 1.0 -1.940721888749053e-17 -3.098691934155795e-07 0.023621326312422752 3.096394668444802e-14 1.0 1.0033271280462941e-07 -0.015684351325035095 3.098691934155795e-07 -1.0033272701548412e-07 1.0 -0.07045292109251022 0.0 0.0 0.0 1.0  </matrix>
													<extra>
														<technique profile="LSTools">
														</technique>
													</extra>
											</node>
											<node id="id-bone-74" sid="id-skelbones-2-71" name="lowerlip_11" type="JOINT">
												<matrix sid="transform"> 1.0 -1.940721888749053e-17 -3.098691934155795e-07 0.02209259383380413 3.096394668444802e-14 1.0 1.0033271280462941e-07 -0.01661798730492592 3.098691934155795e-07 -1.0033272701548412e-07 1.0 -0.07148827612400055 0.0 0.0 0.0 1.0  </matrix>
													<extra>
														<technique profile="LSTools">
														</technique>
													</extra>
											</node>
											<node id="id-bone-75" sid="id-skelbones-2-72" name="lowerlip_10" type="JOINT">
												<matrix sid="transform"> 1.0 -1.940721888749053e-17 -3.098691934155795e-07 0.01886424794793129 3.096394668444802e-14 1.0 1.0033271280462941e-07 -0.017400216311216354 3.098691934155795e-07 -1.0033272701548412e-07 1.0 -0.07403122633695602 0.0 0.0 0.0 1.0  </matrix>
													<extra>
														<technique profile="LSTools">
														</technique>
													</extra>
											</node>
											<node id="id-bone-76" sid="id-skelbones-2-73" name="lowerlip_09" type="JOINT">
												<matrix sid="transform"> 1.0 -1.0028870095490916e-17 -3.098691934155795e-07 0.015285709872841835 2.5422372540440108e-15 1.0 -1.7590262064862486e-14 -0.018453750759363174 3.098691934155795e-07 1.1716667946189835e-16 1.0 -0.07799924165010452 0.0 0.0 0.0 1.0  </matrix>
													<extra>
														<technique profile="LSTools">
														</technique>
													</extra>
											</node>
											<node id="id-bone-77" sid="id-skelbones-2-74" name="lowerlip_08" type="JOINT">
												<matrix sid="transform"> 1.0 -1.940721888749053e-17 -3.0986916499387007e-07 0.011472857557237148 3.0964271945099764e-14 1.0 1.0033271280462941e-07 -0.019483808428049088 3.0986916499387007e-07 -1.0033272701548412e-07 1.0 -0.08099585771560669 0.0 0.0 0.0 1.0  </matrix>
													<extra>
														<technique profile="LSTools">
														</technique>
													</extra>
											</node>
											<node id="id-bone-78" sid="id-skelbones-2-75" name="lowerlip_07" type="JOINT">
												<matrix sid="transform"> 1.0 4.5428071027142636e-17 -3.0986913657216064e-07 0.006955725606530905 2.5427793551302535e-15 0.9999998807907104 -1.7590256982664802e-14 -0.020136816427111626 3.0986913657216064e-07 1.1716667946189835e-16 1.0 -0.08319729566574097 0.0 0.0 0.0 1.0  </matrix>
													<extra>
														<technique profile="LSTools">
														</technique>
													</extra>
											</node>
											<node id="id-bone-79" sid="id-skelbones-2-76" name="lowerlip_06" type="JOINT">
