<?xml version="1.0" encoding="utf-8"?>
<COLLADA xmlns="http://www.collada.org/2005/11/COLLADASchema" version="1.4.1">
<asset>
	<contributor>
		<author></author>
		<authoring_tool>Collada Exporter for Blender 2.6+, by Juan Linietsky (juan@codenix.com)</authoring_tool>
	</contributor>
	<created>2023-11-06T23:39:35Z</created>
	<modified>2023-11-06T23:39:35Z</modified>
	<unit meter="1.0" name="meter"/>
	<up_axis>Y_UP</up_axis>
</asset>
<library_visual_scenes>
	<visual_scene id="id-scene-1" name="scene">
		<node id="GTZ_F_NKD_Head_Y_Base" name="GTZ_F_NKD_Head_Y_Base" type="NODE">
			<matrix sid="transform"> 1.0 0.0 0.0 0.0 0.0 1.0 0.0 0.0 0.0 0.0 1.0 0.0 0.0 0.0 0.0 1.0  </matrix>
			<node id="id-bone-3" sid="id-skelbones-2-0" name="Dummy_Root" type="JOINT">
				<matrix sid="transform"> 1.0 0.0 0.0 0.0 0.0 1.0 1.1920928955078125e-07 0.0 0.0 -1.1920928955078125e-07 1.0 0.0 0.0 0.0 0.0 1.0  </matrix>
				<node id="id-bone-4" sid="id-skelbones-2-1" name="Root_M" type="JOINT">
					<matrix sid="transform"> -1.7658807749398875e-09 4.284083843231201e-08 -0.9999999403953552 -2.446319031338697e-15 0.9997769594192505 0.021117212250828743 -1.979060471057892e-09 1.0453200340270996 0.02111721597611904 -0.9997768402099609 1.1175870895385742e-08 -0.026899755001068115 0.0 0.0 0.0 1.0  </matrix>
					<node id="id-bone-5" sid="id-skelbones-2-2" name="Spine1_M" type="JOINT">
						<matrix sid="transform"> 0.99977707862854 0.021114615723490715 -4.2962295054849164e-08 0.07128101587295532 -0.021114617586135864 0.99977707862854 -3.0800806349873255e-11 1.1175870895385742e-08 4.2952070344881577e-08 9.379258480990416e-10 1.0 2.9854794192374356e-09 0.0 0.0 0.0 1.0  </matrix>
						<node id="id-bone-6" sid="id-skelbones-2-3" name="Spine2_M" type="JOINT">
							<matrix sid="transform"> 0.99977707862854 0.021113377064466476 -1.3939298604270789e-09 0.08502603322267532 -0.021113380789756775 0.99977707862854 5.109135337022508e-11 2.0489096641540527e-08 1.3946970245370949e-09 -2.1653567827684128e-11 1.0 -8.729916789462777e-11 0.0 0.0 0.0 1.0  </matrix>
							<node id="id-bone-7" sid="id-skelbones-2-4" name="Chest_M" type="JOINT">
								<matrix sid="transform"> 0.9997771382331848 0.021113842725753784 -3.967385864278583e-10 0.08502614498138428 -0.021113842725753784 0.99977707862854 5.950751003069854e-11 -9.313225746154785e-09 3.979083729177546e-10 -5.112443801635891e-11 1.0 -2.0586859994509155e-10 0.0 0.0 0.0 1.0  </matrix>
								<node id="id-bone-8" sid="id-skelbones-2-5" name="Neck_M" type="JOINT">
									<matrix sid="transform"> 0.9589223265647888 -0.2836688756942749 6.33826013896055e-09 0.2776521146297455 0.2836689054965973 0.9589223265647888 1.0411691508949161e-09 -0.022084126248955727 -6.373248595537007e-09 7.995657469450634e-10 1.0 -7.825886605417054e-10 0.0 0.0 0.0 1.0  </matrix>
									<node id="id-bone-9" sid="id-skelbones-2-6" name="Head_M" type="JOINT">
										<matrix sid="transform"> 0.979526937007904 0.20131352543830872 -3.4649088043181564e-09 0.11485794186592102 -0.20131351053714752 0.979526937007904 -4.2204240102705626e-11 4.842877388000488e-08 3.3854714587278067e-09 7.388741840586022e-10 1.0 4.21582296850076e-10 0.0 0.0 0.0 1.0  </matrix>
										<node id="id-bone-10" sid="id-skelbones-2-7" name="piercing_base" type="JOINT">
											<matrix sid="transform"> 1.0 -4.095782060176134e-07 1.0747479295414308e-14 -1.4577744877897203e-07 4.0960730984807014e-07 1.0000001192092896 2.4771851236948805e-15 5.820795234701137e-11 -1.1098760799299612e-14 -6.484396353201305e-15 1.0 2.4980018054066022e-15 0.0 0.0 0.0 1.0  </matrix>
											<node id="id-bone-11" sid="id-skelbones-2-8" name="piercing_tragus_a_r" type="JOINT">
												<matrix sid="transform"> -0.29239222407341003 0.9451537728309631 0.14557118713855743 0.024728873744606972 0.7794836163520813 0.3237379789352417 -0.5362826585769653 0.005769007373601198 -0.5539965033531189 -0.043334536254405975 -0.8313904404640198 0.07405400276184082 0.0 0.0 0.0 1.0  </matrix>
													<extra>
														<technique profile="LSTools">
														</technique>
													</extra>
											</node>
											<node id="id-bone-12" sid="id-skelbones-2-9" name="piercing_helix_b_r" type="JOINT">
												<matrix sid="transform"> -0.2646201550960541 0.9634677767753601 -0.04130774736404419 0.06253878772258759 0.7683939337730408 0.18477241694927216 -0.6127234101295471 -0.04445797950029373 -0.5827065706253052 -0.19387954473495483 -0.7892172336578369 0.10763903707265854 0.0 0.0 0.0 1.0  </matrix>
													<extra>
														<technique profile="LSTools">
														</technique>
													</extra>
											</node>
											<node id="id-bone-13" sid="id-skelbones-2-10" name="piercing_helix_a_r" type="JOINT">
												<matrix sid="transform"> -0.2499866932630539 0.9679654240608215 0.023432835936546326 0.08196468651294708 0.7420746088027954 0.2070816308259964 -0.6375283598899841 -0.05279994755983353 -0.6219580769538879 -0.1419847309589386 -0.7700704336166382 0.11393304169178009 0.0 0.0 0.0 1.0  </matrix>
													<extra>
														<technique profile="LSTools">
														</technique>
													</extra>
											</node>
											<node id="id-bone-14" sid="id-skelbones-2-11" name="piercing_lobe_b_r" type="JOINT">
												<matrix sid="transform"> 0.00041502751992084086 0.9999997615814209 -0.00016235928342211992 0.01206185296177864 0.9313790798187256 -0.00044563051778823137 -0.36405056715011597 -0.010923974215984344 -0.36405059695243835 -1.3656880071266642e-07 -0.9313791990280151 0.08231200277805328 0.0 0.0 0.0 1.0  </matrix>
													<extra>
														<technique profile="LSTools">
														</technique>
													</extra>
											</node>
											<node id="id-bone-15" sid="id-skelbones-2-12" name="piercing_lobe_a_r" type="JOINT">
												<matrix sid="transform"> 0.00035301264142617583 0.9999998211860657 -0.0002712206041906029 0.006626770831644535 0.7928650379180908 -0.00044515254558064044 -0.609397292137146 -0.0032559712417423725 -0.609397292137146 6.829871068703142e-08 -0.7928650975227356 0.07809600979089737 0.0 0.0 0.0 1.0  </matrix>
													<extra>
														<technique profile="LSTools">
														</technique>
													</extra>
											</node>
											<node id="id-bone-16" sid="id-skelbones-2-13" name="piercing_tragus_a_l" type="JOINT">
												<matrix sid="transform"> 0.2923923134803772 0.9451538324356079 0.14557118713855743 0.024728866294026375 -0.7794834971427917 0.32373809814453125 -0.5362828969955444 0.005768992472440004 -0.553996741771698 0.04333467781543732 0.8313902616500854 -0.07405401021242142 0.0 0.0 0.0 1.0  </matrix>
													<extra>
														<technique profile="LSTools">
														</technique>
													</extra>
											</node>
											<node id="id-bone-17" sid="id-skelbones-2-14" name="piercing_helix_b_l" type="JOINT">
												<matrix sid="transform"> 0.264619916677475 0.9634677171707153 -0.04130680114030838 0.06253878027200699 -0.7683937549591064 0.184772789478302 -0.6127237677574158 -0.04445799067616463 -0.5827071666717529 0.19387879967689514 0.7892170548439026 -0.10763901472091675 0.0 0.0 0.0 1.0  </matrix>
													<extra>
														<technique profile="LSTools">
														</technique>
													</extra>
											</node>
											<node id="id-bone-18" sid="id-skelbones-2-15" name="piercing_helix_a_l" type="JOINT">
												<matrix sid="transform"> 0.249986931681633 0.9679657220840454 0.023432940244674683 0.08196479827165604 -0.7420746088027954 0.20708182454109192 -0.6375284194946289 -0.05279996246099472 -0.6219580173492432 0.1419847458600998 0.770070493221283 -0.1139330193400383 0.0 0.0 0.0 1.0  </matrix>
													<extra>
														<technique profile="LSTools">
														</technique>
													</extra>
											</node>
											<node id="id-bone-19" sid="id-skelbones-2-16" name="piercing_lobe_b_l" type="JOINT">
												<matrix sid="transform"> -0.00041476034675724804 0.9999998211860657 -0.0001619422109797597 0.012061846442520618 -0.9313787221908569 -0.0004453574074432254 -0.3640514016151428 -0.010923990048468113 -0.3640514016151428 -2.048704317303418e-07 0.9313789010047913 -0.08231200277805328 0.0 0.0 0.0 1.0  </matrix>
													<extra>
														<technique profile="LSTools">
														</technique>
													</extra>
											</node>
											<node id="id-bone-20" sid="id-skelbones-2-17" name="piercing_lobe_a_l" type="JOINT">
												<matrix sid="transform"> -0.00035277975257486105 0.9999998211860657 -0.0002711249398998916 0.0066267638467252254 -0.7928648591041565 -0.0004450842388905585 -0.6093974113464355 -0.0032559859100729227 -0.6093973517417908 -1.36571117081985e-07 0.7928649187088013 -0.07809600979089737 0.0 0.0 0.0 1.0  </matrix>
													<extra>
														<technique profile="LSTools">
														</technique>
													</extra>
											</node>
											<node id="id-bone-21" sid="id-skelbones-2-18" name="piercing_brow_b_l" type="JOINT">
												<matrix sid="transform"> -0.14813272655010223 0.9889256954193115 -0.009092054329812527 0.06109476089477539 -0.7171019911766052 -0.1137377917766571 -0.6876253485679626 0.0850219801068306 -0.6810445189476013 -0.09533992409706116 0.7260087132453918 -0.05291099473834038 0.0 0.0 0.0 1.0  </matrix>
													<extra>
														<technique profile="LSTools">
														</technique>
													</extra>
											</node>
											<node id="id-bone-22" sid="id-skelbones-2-19" name="piercing_brow_a_r" type="JOINT">
												<matrix sid="transform"> 0.18419815599918365 0.9496499300003052 -0.2534485459327698 0.07080287486314774 0.8343696594238281 -0.2873724699020386 -0.4703667163848877 0.08332198858261108 -0.5195177793502808 -0.12482902407646179 -0.845292329788208 0.052978016436100006 0.0 0.0 0.0 1.0  </matrix>
													<extra>
														<technique profile="LSTools">
														</technique>
													</extra>
											</node>
											<node id="id-bone-23" sid="id-skelbones-2-20" name="piercing_nostril_a_l" type="JOINT">
												<matrix sid="transform"> -0.1609027087688446 0.91457200050354 -0.37103697657585144 0.02008579671382904 -0.9048103094100952 -0.28685513138771057 -0.3146943151950836 0.10782100260257721 -0.3942444920539856 0.2850828170776367 0.8736699223518372 -0.00860199797898531 0.0 0.0 0.0 1.0  </matrix>
													<extra>
														<technique profile="LSTools">
														</technique>
													</extra>
											</node>
											<node id="id-bone-24" sid="id-skelbones-2-21" name="piercing_bridge_a_r" type="JOINT">
												<matrix sid="transform"> 0.00044562199036590755 0.9999995231628418 -8.522131622612505e-08 0.04062386602163315 0.9999998807907104 -0.0004454937588889152 3.040575506929599e-07 0.10042000561952591 3.0401952244574204e-07 -8.535673856613357e-08 -1.0 0.005688999313861132 0.0 0.0 0.0 1.0  </matrix>
													<extra>
														<technique profile="LSTools">
														</technique>
													</extra>
											</node>
											<node id="id-bone-25" sid="id-skelbones-2-22" name="piercing_septum_a_m" type="JOINT">
												<matrix sid="transform"> -1.9909657567040995e-07 0.9926962852478027 -0.12064129114151001 0.0172447320073843 1.4477696197445766e-07 -0.1206413134932518 -0.9926963448524475 0.11160397529602051 -1.0000001192092896 -3.7252888773764425e-08 -1.1831335910983398e-07 3.632649736573512e-12 0.0 0.0 0.0 1.0  </matrix>
													<extra>
														<technique profile="LSTools">
														</technique>
													</extra>
											</node>
											<node id="id-bone-26" sid="id-skelbones-2-23" name="piercing_brow_b_r" type="JOINT">
												<matrix sid="transform"> 0.1481328010559082 0.9889258742332458 -0.0090919965878129 0.06109476462006569 0.7171021103858948 -0.11373785138130188 -0.6876252293586731 0.0850219875574112 -0.6810443997383118 0.09534004330635071 -0.7260088920593262 0.05291102081537247 0.0 0.0 0.0 1.0  </matrix>
													<extra>
														<technique profile="LSTools">
														</technique>
													</extra>
											</node>
											<node id="id-bone-27" sid="id-skelbones-2-24" name="piercing_bridge_a_l" type="JOINT">
												<matrix sid="transform"> -0.00044524669647216797 0.9999998211860657 5.816110093537219e-11 0.04062386602163315 -0.9999998807907104 -0.0004454256850294769 1.3058496506346273e-07 0.10042000561952591 1.3058496506346273e-07 6.09695670686361e-15 1.0 -0.005689000245183706 0.0 0.0 0.0 1.0  </matrix>
													<extra>
														<technique profile="LSTools">
														</technique>
													</extra>
											</node>
											<node id="id-bone-28" sid="id-skelbones-2-25" name="piercing_nostril_a_r" type="JOINT">
												<matrix sid="transform"> 0.16090154647827148 0.9145722389221191 -0.37103694677352905 0.02008579671382904 0.9048104882240295 -0.2868541181087494 -0.3146948516368866 0.1078210100531578 -0.39424458146095276 -0.28508323431015015 -0.8736697435379028 0.008601998910307884 0.0 0.0 0.0 1.0  </matrix>
													<extra>
														<technique profile="LSTools">
														</technique>
													</extra>
											</node>
											<node id="id-bone-29" sid="id-skelbones-2-26" name="piercing_brow_a_l" type="JOINT">
												<matrix sid="transform"> -0.1841980665922165 0.9496499300003052 -0.2534484565258026 0.07080287486314774 -0.8343691229820251 -0.2873722314834595 -0.4703674614429474 0.08332197368144989 -0.5195184350013733 0.12482882291078568 0.8452919125556946 -0.05297800153493881 0.0 0.0 0.0 1.0  </matrix>
													<extra>
														<technique profile="LSTools">
														</technique>
													</extra>
											</node>
												<extra>
													<technique profile="LSTools">
													</technique>
												</extra>
										</node>
										<node id="id-bone-30" sid="id-skelbones-2-27" name="beard_base" type="JOINT">
											<matrix sid="transform"> 1.0 -8.821662049740553e-07 2.8501940391167935e-14 -1.4577744877897203e-07 8.82195308804512e-07 1.0000001192092896 -1.707141372708776e-14 5.820795234701137e-11 -2.9524993561125257e-14 1.0085682289329156e-14 1.0 2.4980018054066022e-15 0.0 0.0 0.0 1.0  </matrix>
											<node id="id-bone-31" sid="id-skelbones-2-28" name="beard_smileline2_r" type="JOINT">
												<matrix sid="transform"> -4.5884316790534285e-08 0.9999997615814209 -0.0004454765876289457 -0.03135611116886139 1.2550833616842283e-07 -0.00044547655852511525 -0.9999999403953552 0.08886898308992386 -1.0 -3.7427518861932185e-08 -1.2548785832677822e-07 0.033791009336709976 0.0 0.0 0.0 1.0  </matrix>
													<extra>
														<technique profile="LSTools">
														</technique>
													</extra>
											</node>
											<node id="id-bone-32" sid="id-skelbones-2-29" name="beard_smileline3_r" type="JOINT">
												<matrix sid="transform"> -1.4637150513863162e-07 1.0 -0.0004454765876289457 -0.04620913043618202 1.4426952077428723e-07 -0.0004454766458366066 -1.0 0.0851690024137497 -1.0000001192092896 -1.8713757654609253e-08 -1.4420427874028974e-07 0.03048800490796566 0.0 0.0 0.0 1.0  </matrix>
													<extra>
														<technique profile="LSTools">
														</technique>
													</extra>
											</node>
											<node id="id-bone-33" sid="id-skelbones-2-30" name="beard_smileline3_l" type="JOINT">
												<matrix sid="transform"> -1.4637150513863162e-07 1.0 -0.0004454765876289457 -0.04620913416147232 1.4426952077428723e-07 -0.0004454766458366066 -1.0 0.0851690024137497 -1.0000001192092896 -1.8713757654609253e-08 -1.4420427874028974e-07 -0.03048800490796566 0.0 0.0 0.0 1.0  </matrix>
													<extra>
														<technique profile="LSTools">
														</technique>
													</extra>
											</node>
											<node id="id-bone-34" sid="id-skelbones-2-31" name="beard_upper_lip1_r" type="JOINT">
												<matrix sid="transform"> -1.1361726848235776e-07 1.0 -0.0004455467569641769 -0.01135127991437912 1.068220996103264e-07 -0.0004455468151718378 -1.0 0.10738298296928406 -1.0000001192092896 -5.6112174462441544e-08 -1.0677146633497614e-07 0.01531900092959404 0.0 0.0 0.0 1.0  </matrix>
													<extra>
														<technique profile="LSTools">
														</technique>
													</extra>
											</node>
											<node id="id-bone-35" sid="id-skelbones-2-32" name="beard_smileline2_l" type="JOINT">
												<matrix sid="transform"> -4.5884316790534285e-08 0.9999997615814209 -0.0004454765876289457 -0.03135516121983528 1.2550833616842283e-07 -0.00044547655852511525 -0.9999999403953552 0.08886898308992386 -1.0 -3.7427518861932185e-08 -1.2548785832677822e-07 -0.03379099443554878 0.0 0.0 0.0 1.0  </matrix>
													<extra>
														<technique profile="LSTools">
														</technique>
													</extra>
											</node>
											<node id="id-bone-36" sid="id-skelbones-2-33" name="beard_upper_lip2_r" type="JOINT">
												<matrix sid="transform"> -1.469535817477663e-07 1.0 -0.0004454760055523366 -0.01740715093910694 1.442697765696721e-07 -0.0004454760637599975 -1.0 0.10048601776361465 -1.0000001192092896 -1.8713757654609253e-08 -1.4420427874028974e-07 0.02472900226712227 0.0 0.0 0.0 1.0  </matrix>
													<extra>
														<technique profile="LSTools">
														</technique>
													</extra>
											</node>
											<node id="id-bone-37" sid="id-skelbones-2-34" name="beard_lower_lip1_l" type="JOINT">
												<matrix sid="transform"> -1.6509360989402921e-07 1.0 -0.0004454765876289457 -0.03852712735533714 1.2556145634334825e-07 -0.0004454766458366066 -1.0 0.1001870185136795 -1.0000001192092896 -3.7427518861932185e-08 -1.2548787253763294e-07 -0.016221001744270325 0.0 0.0 0.0 1.0  </matrix>
													<extra>
														<technique profile="LSTools">
														</technique>
													</extra>
											</node>
											<node id="id-bone-38" sid="id-skelbones-2-35" name="beard_cheek_l" type="JOINT">
												<matrix sid="transform"> -1.2071024002580089e-07 1.0 -0.00044540176168084145 -0.01111813448369503 1.2554166062272998e-07 -0.00044540181988850236 -1.0 0.06671597808599472 -1.0000001192092896 -3.7427518861932185e-08 -1.2548787253763294e-07 -0.05251900106668472 0.0 0.0 0.0 1.0  </matrix>
													<extra>
														<technique profile="LSTools">
														</technique>
													</extra>
											</node>
											<node id="id-bone-39" sid="id-skelbones-2-36" name="beard_upper_lip1_l" type="JOINT">
												<matrix sid="transform"> -1.0893155177882363e-07 1.0 -0.00044555144268088043 -0.011351280845701694 1.0682001061468327e-07 -0.00044555150088854134 -1.0 0.10738299787044525 -1.0000001192092896 -5.611217801515522e-08 -1.0677146633497614e-07 -0.015319004654884338 0.0 0.0 0.0 1.0  </matrix>
													<extra>
														<technique profile="LSTools">
														</technique>
													</extra>
											</node>
											<node id="id-bone-40" sid="id-skelbones-2-37" name="beard_lower_lip_m" type="JOINT">
												<matrix sid="transform"> -1.711499066914257e-07 1.0 -0.0004454765876289457 -0.040758177638053894 1.1948506539738446e-07 -0.0004454766458366066 -1.0 0.10400900989770889 -1.0000001192092896 -4.3481115596932796e-08 -1.1940880995098269e-07 -8.545164575934905e-12 0.0 0.0 0.0 1.0  </matrix>
													<extra>
														<technique profile="LSTools">
														</technique>
													</extra>
											</node>
											<node id="id-bone-41" sid="id-skelbones-2-38" name="beard_upper_lip_m" type="JOINT">
												<matrix sid="transform"> -9.629486186213398e-08 1.0 -0.00044555144268088043 -0.008482120931148529 1.194517409430773e-07 -0.00044555150088854134 -1.0 0.11242598295211792 -1.0000001192092896 -4.3481115596932796e-08 -1.1940880995098269e-07 -1.765254609153999e-12 0.0 0.0 0.0 1.0  </matrix>
													<extra>
														<technique profile="LSTools">
														</technique>
													</extra>
											</node>
											<node id="id-bone-42" sid="id-skelbones-2-39" name="beard_cheek_r" type="JOINT">
												<matrix sid="transform"> -1.2071024002580089e-07 1.0 -0.00044540176168084145 -0.011118249036371708 1.2554166062272998e-07 -0.00044540181988850236 -1.0 0.06671599298715591 -1.0000001192092896 -3.7427518861932185e-08 -1.2548787253763294e-07 0.05251901596784592 0.0 0.0 0.0 1.0  </matrix>
													<extra>
														<technique profile="LSTools">
														</technique>
													</extra>
											</node>
											<node id="id-bone-43" sid="id-skelbones-2-40" name="beard_lower_lip1_r" type="JOINT">
												<matrix sid="transform"> -1.6509360989402921e-07 1.0 -0.0004454765876289457 -0.038527123630046844 1.2556145634334825e-07 -0.0004454766458366066 -1.0 0.1001870185136795 -1.0000001192092896 -3.7427518861932185e-08 -1.2548787253763294e-07 0.016221001744270325 0.0 0.0 0.0 1.0  </matrix>
													<extra>
														<technique profile="LSTools">
														</technique>
													</extra>
											</node>
											<node id="id-bone-44" sid="id-skelbones-2-41" name="beard_upper_lip2_l" type="JOINT">
												<matrix sid="transform"> -1.4637150513863162e-07 1.0 -0.0004454765876289457 -0.017408108338713646 1.4426952077428723e-07 -0.0004454766458366066 -1.0 0.10048500448465347 -1.0000001192092896 -1.8713757654609253e-08 -1.4420427874028974e-07 -0.024730009958148003 0.0 0.0 0.0 1.0  </matrix>
													<extra>
														<technique profile="LSTools">
														</technique>
													</extra>
											</node>
											<node id="id-bone-45" sid="id-skelbones-2-42" name="beard_lower_lip2_l" type="JOINT">
												<matrix sid="transform"> -6.457732126818883e-08 0.9999997615814209 -0.0004454765876289457 -0.03341707959771156 1.0680025042120178e-07 -0.00044547655852511525 -0.9999999403953552 0.09498999267816544 -1.0 -5.611217801515522e-08 -1.0677146633497614e-07 -0.025210006162524223 0.0 0.0 0.0 1.0  </matrix>
													<extra>
														<technique profile="LSTools">
														</technique>
													</extra>
											</node>
											<node id="id-bone-46" sid="id-skelbones-2-43" name="beard_labiomental_r" type="JOINT">
												<matrix sid="transform"> -1.4637150513863162e-07 1.0 -0.0004454765876289457 -0.04837511479854584 1.4426952077428723e-07 -0.0004454766458366066 -1.0 0.09628401696681976 -1.0000001192092896 -1.8713757654609253e-08 -1.4420427874028974e-07 0.020244000479578972 0.0 0.0 0.0 1.0  </matrix>
													<extra>
														<technique profile="LSTools">
														</technique>
													</extra>
											</node>
											<node id="id-bone-47" sid="id-skelbones-2-44" name="beard_jaw_m" type="JOINT">
												<matrix sid="transform"> -1.2676656524490681e-07 1.0 -0.00044540176168084145 -0.0686841756105423 1.194652838876209e-07 -0.00044540181988850236 -1.0 0.093469999730587 -1.0000001192092896 -4.3481115596932796e-08 -1.1940880995098269e-07 -1.4403589432276931e-11 0.0 0.0 0.0 1.0  </matrix>
													<extra>
														<technique profile="LSTools">
														</technique>
													</extra>
											</node>
											<node id="id-bone-48" sid="id-skelbones-2-45" name="beard_jaw_l" type="JOINT">
												<matrix sid="transform"> -1.2069783394963451e-07 1.0 -0.0004454391892068088 -0.042084138840436935 8.810884821741638e-08 -0.0004454392474144697 -1.0 0.04375901445746422 -1.0000001192092896 -7.482593389340764e-08 -8.805506013231934e-08 -0.04962300881743431 0.0 0.0 0.0 1.0  </matrix>
													<extra>
														<technique profile="LSTools">
														</technique>
													</extra>
											</node>
											<node id="id-bone-49" sid="id-skelbones-2-46" name="beard_jaw_base_l" type="JOINT">
												<matrix sid="transform"> -8.33242665976286e-08 1.0 -0.00044540176168084145 -0.0159560926258564 4.374851769739507e-08 -0.0004454017907846719 -1.0 0.027226993814110756 -1.0000001192092896 -6.239312452110957e-16 -4.371139183945161e-08 -0.06380999088287354 0.0 0.0 0.0 1.0  </matrix>
													<extra>
														<technique profile="LSTools">
														</technique>
													</extra>
											</node>
											<node id="id-bone-50" sid="id-skelbones-2-47" name="beard_jaw_base_r" type="JOINT">
												<matrix sid="transform"> 3.588501940043898e-08 0.9999997615814209 -0.00044540176168084145 -0.015956087037920952 4.369541173332436e-08 -0.00044540170347318053 -0.9999999403953552 0.027227003127336502 -1.0 -6.252051827637661e-16 -4.371138828673793e-08 0.06380902230739594 0.0 0.0 0.0 1.0  </matrix>
													<extra>
														<technique profile="LSTools">
														</technique>
													</extra>
											</node>
											<node id="id-bone-51" sid="id-skelbones-2-48" name="beard_lower_lip2_r" type="JOINT">
												<matrix sid="transform"> -6.457732126818883e-08 0.9999997615814209 -0.0004454765876289457 -0.03341707959771156 1.0680025042120178e-07 -0.00044547655852511525 -0.9999999403953552 0.09499001502990723 -1.0 -5.611217801515522e-08 -1.0677146633497614e-07 0.025210006162524223 0.0 0.0 0.0 1.0  </matrix>
													<extra>
														<technique profile="LSTools">
														</technique>
													</extra>
											</node>
											<node id="id-bone-52" sid="id-skelbones-2-49" name="beard_labiomental_m" type="JOINT">
												<matrix sid="transform"> -1.711499066914257e-07 1.0 -0.0004454765876289457 -0.05486811697483063 1.1948506539738446e-07 -0.0004454766458366066 -1.0 0.10512599349021912 -1.0000001192092896 -4.3481115596932796e-08 -1.1940880995098269e-07 -1.1502798713536322e-11 0.0 0.0 0.0 1.0  </matrix>
													<extra>
														<technique profile="LSTools">
														</technique>
													</extra>
											</node>
											<node id="id-bone-53" sid="id-skelbones-2-50" name="beard_labiomental_l" type="JOINT">
												<matrix sid="transform"> -1.4637150513863162e-07 1.0 -0.0004454765876289457 -0.04837511479854584 1.4426952077428723e-07 -0.0004454766458366066 -1.0 0.09628400951623917 -1.0000001192092896 -1.8713757654609253e-08 -1.4420427874028974e-07 -0.02024400420486927 0.0 0.0 0.0 1.0  </matrix>
													<extra>
														<technique profile="LSTools">
														</technique>
													</extra>
											</node>
											<node id="id-bone-54" sid="id-skelbones-2-51" name="beard_chin_l" type="JOINT">
												<matrix sid="transform"> -1.2071024002580089e-07 1.0 -0.00044540176168084145 -0.06370615214109421 1.2554166062272998e-07 -0.00044540181988850236 -1.0 0.08946099877357483 -1.0000001192092896 -3.7427518861932185e-08 -1.2548787253763294e-07 -0.01987600326538086 0.0 0.0 0.0 1.0  </matrix>
													<extra>
														<technique profile="LSTools">
														</technique>
													</extra>
											</node>
											<node id="id-bone-55" sid="id-skelbones-2-52" name="beard_smileline1_l" type="JOINT">
												<matrix sid="transform"> -1.6509360989402921e-07 1.0 -0.0004454765876289457 -0.017078159376978874 1.2556145634334825e-07 -0.0004454766458366066 -1.0 0.08681098371744156 -1.0000001192092896 -3.7427518861932185e-08 -1.2548787253763294e-07 -0.038360998034477234 0.0 0.0 0.0 1.0  </matrix>
													<extra>
														<technique profile="LSTools">
														</technique>
													</extra>
											</node>
											<node id="id-bone-56" sid="id-skelbones-2-53" name="beard_philtrum_m" type="JOINT">
												<matrix sid="transform"> -1.711499066914257e-07 1.0 -0.0004454765876289457 0.006702891550958157 1.1948506539738446e-07 -0.0004454766458366066 -1.0 0.11009198427200317 -1.0000001192092896 -4.3481115596932796e-08 -1.1940880995098269e-07 1.4201972931005002e-12 0.0 0.0 0.0 1.0  </matrix>
													<extra>
														<technique profile="LSTools">
														</technique>
													</extra>
											</node>
											<node id="id-bone-57" sid="id-skelbones-2-54" name="beard_philtrum_l" type="JOINT">
												<matrix sid="transform"> -1.6509360989402921e-07 1.0 -0.0004454765876289457 0.005274816881865263 1.2556145634334825e-07 -0.0004454766458366066 -1.0 0.10025396943092346 -1.0000001192092896 -3.7427518861932185e-08 -1.2548787253763294e-07 -0.017450999468564987 0.0 0.0 0.0 1.0  </matrix>
													<extra>
														<technique profile="LSTools">
														</technique>
													</extra>
											</node>
											<node id="id-bone-58" sid="id-skelbones-2-55" name="beard_ear_l" type="JOINT">
												<matrix sid="transform"> -8.332852985404315e-08 0.9999997615814209 -0.00044547655852511525 0.020602889358997345 8.809217888483545e-08 -0.0004454765294212848 -0.9999999403953552 0.015410997904837132 -1.0 -7.482593389340764e-08 -8.805506013231934e-08 -0.07073698192834854 0.0 0.0 0.0 1.0  </matrix>
													<extra>
														<technique profile="LSTools">
														</technique>
													</extra>
											</node>
											<node id="id-bone-59" sid="id-skelbones-2-56" name="beard_ear_r" type="JOINT">
												<matrix sid="transform"> -2.0250870136351296e-07 1.0 -0.0004454765876289457 0.020602894946932793 8.814531327061559e-08 -0.0004454766458366066 -1.0 0.01541101187467575 -1.0000001192092896 -7.482593389340764e-08 -8.805506013231934e-08 0.07073701173067093 0.0 0.0 0.0 1.0  </matrix>
													<extra>
														<technique profile="LSTools">
														</technique>
													</extra>
											</node>
											<node id="id-bone-60" sid="id-skelbones-2-57" name="beard_philtrum_r" type="JOINT">
												<matrix sid="transform"> -1.6509360989402921e-07 1.0 -0.0004454765876289457 0.005274818278849125 1.2556145634334825e-07 -0.0004454766458366066 -1.0 0.10025396943092346 -1.0000001192092896 -3.7427518861932185e-08 -1.2548787253763294e-07 0.017450999468564987 0.0 0.0 0.0 1.0  </matrix>
													<extra>
														<technique profile="LSTools">
														</technique>
													</extra>
											</node>
											<node id="id-bone-61" sid="id-skelbones-2-58" name="beard_chin_r" type="JOINT">
												<matrix sid="transform"> -1.2071024002580089e-07 1.0 -0.00044540176168084145 -0.06370615214109421 1.2554166062272998e-07 -0.00044540181988850236 -1.0 0.08946100622415543 -1.0000001192092896 -3.7427518861932185e-08 -1.2548787253763294e-07 0.01987599954009056 0.0 0.0 0.0 1.0  </matrix>
													<extra>
														<technique profile="LSTools">
														</technique>
													</extra>
											</node>
											<node id="id-bone-62" sid="id-skelbones-2-59" name="beard_smileline1_r" type="JOINT">
												<matrix sid="transform"> -1.6509360989402921e-07 1.0 -0.0004454765876289457 -0.017084116116166115 1.2556145634334825e-07 -0.0004454766458366066 -1.0 0.08681099861860275 -1.0000001192092896 -3.7427518861932185e-08 -1.2548787253763294e-07 0.03836501017212868 0.0 0.0 0.0 1.0  </matrix>
													<extra>
														<technique profile="LSTools">
														</technique>
													</extra>
											</node>
											<node id="id-bone-63" sid="id-skelbones-2-60" name="beard_jaw_r" type="JOINT">
												<matrix sid="transform"> -1.2069783394963451e-07 1.0 -0.0004454391892068088 -0.04208413511514664 8.810884821741638e-08 -0.0004454392474144697 -1.0 0.04375901445746422 -1.0000001192092896 -7.482593389340764e-08 -8.805506013231934e-08 0.04962301626801491 0.0 0.0 0.0 1.0  </matrix>
													<extra>
														<technique profile="LSTools">
														</technique>
													</extra>
											</node>
												<extra>
													<technique profile="LSTools">
													</technique>
												</extra>
										</node>
										<node id="id-bone-64" sid="id-skelbones-2-61" name="jaw" type="JOINT">
											<matrix sid="transform"> 3.569098439015761e-08 0.9999997615814209 -0.0004462794749997556 3.372846841812134 1.1939400224036945e-07 -0.00044627944589592516 -0.9999999403953552 -3.111525535583496 -1.0 -4.3481115596932796e-08 -1.1940991839765047e-07 5.355130724638002e-06 0.0 0.0 0.0 1.0  </matrix>
											<node id="id-bone-65" sid="id-skelbones-2-62" name="gullet" type="JOINT">
												<matrix sid="transform"> 1.0 2.4495275599556443e-11 -4.0716111016081413e-07 5.500985480466625e-06 -2.3748093769260237e-11 0.9999999403953552 1.8561531760497019e-06 -0.15557730197906494 4.0716111016081413e-07 -1.8561531760497019e-06 1.0 -0.051042214035987854 0.0 0.0 0.0 1.0  </matrix>
													<extra>
														<technique profile="LSTools">
														</technique>
													</extra>
											</node>
											<node id="id-bone-66" sid="id-skelbones-2-63" name="tongue_r_02" type="JOINT">
												<matrix sid="transform"> 1.0 2.45029690981724e-17 -4.053232487422065e-07 -0.0069153583608567715 -5.771372962870558e-13 1.0 -1.404665454174392e-06 0.060316406190395355 4.053232487422065e-07 1.4046659089217428e-06 1.0 -0.046381350606679916 0.0 0.0 0.0 1.0  </matrix>
													<extra>
														<technique profile="LSTools">
														</technique>
													</extra>
											</node>
											<node id="id-bone-67" sid="id-skelbones-2-64" name="tongue_r_01" type="JOINT">
												<matrix sid="transform"> 1.0 2.45029690981724e-17 -4.053232487422065e-07 -0.010188360698521137 -5.771372962870558e-13 1.0 -1.404665454174392e-06 0.044183749705553055 4.053232487422065e-07 1.4046659089217428e-06 1.0 -0.007905964739620686 0.0 0.0 0.0 1.0  </matrix>
													<extra>
														<technique profile="LSTools">
														</technique>
													</extra>
											</node>
											<node id="id-bone-68" sid="id-skelbones-2-65" name="tongue_l_02" type="JOINT">
												<matrix sid="transform"> 1.0 1.3552527156068805e-17 -4.053233624290442e-07 0.00721164233982563 7.231550427921896e-13 1.0 1.805998181225732e-06 0.05975087359547615 4.053233624290442e-07 -1.8059990907204337e-06 1.0 -0.045803189277648926 0.0 0.0 0.0 1.0  </matrix>
													<extra>
														<technique profile="LSTools">
														</technique>
													</extra>
											</node>
											<node id="id-bone-69" sid="id-skelbones-2-66" name="tongue_l_01" type="JOINT">
												<matrix sid="transform"> 1.0 1.3552527156068805e-17 -4.0532319189878763e-07 0.010497639887034893 7.231563438347965e-13 1.0 1.805998181225732e-06 0.043873805552721024 4.0532319189878763e-07 -1.8059990907204337e-06 1.0 -0.00795770063996315 0.0 0.0 0.0 1.0  </matrix>
													<extra>
														<technique profile="LSTools">
														</technique>
													</extra>
											</node>
											<node id="id-bone-70" sid="id-skelbones-2-67" name="lower_teeth" type="JOINT">
												<matrix sid="transform"> 1.0 3.919267133056792e-10 -4.070871568728762e-07 0.0001266424951609224 -3.8989017570045803e-10 1.0 5.016663635615259e-06 0.03605446219444275 4.070871568728762e-07 -5.016662726120558e-06 1.0 -0.04742724448442459 0.0 0.0 0.0 1.0  </matrix>
													<extra>
														<technique profile="LSTools">
														</technique>
													</extra>
											</node>
											<node id="id-bone-71" sid="id-skelbones-2-68" name="chin_r" type="JOINT">
												<matrix sid="transform"> 1.0 2.5153490401663703e-17 -4.0532313505536877e-07 -0.015211569145321846 -5.771364289253178e-13 0.9999999403953552 -1.4046563592273742e-06 -0.03217447176575661 4.0532313505536877e-07 1.404656813974725e-06 1.0 -0.1419910192489624 0.0 0.0 0.0 1.0  </matrix>
													<extra>
														<technique profile="LSTools">
														</technique>
													</extra>
											</node>
											<node id="id-bone-72" sid="id-skelbones-2-69" name="chin_l" type="JOINT">
												<matrix sid="transform"> 1.0 2.5153490401663703e-17 -4.0532310663365934e-07 0.01522286981344223 -5.771364289253178e-13 0.9999999403953552 -1.4046563592273742e-06 -0.032174475491046906 4.0532313505536877e-07 1.404656813974725e-06 1.0 -0.1419910192489624 0.0 0.0 0.0 1.0  </matrix>
													<extra>
														<technique profile="LSTools">
														</technique>
													</extra>
											</node>
											<node id="id-bone-73" sid="id-skelbones-2-70" name="lowerlip_12" type="JOINT">
												<matrix sid="transform"> 1.0 -8.890457814381136e-18 -4.0532347611588193e-07 0.023299649357795715 2.066079946017041e-12 1.0 5.11696362082148e-06 0.07054100930690765 4.0532347611588193e-07 -5.11696362082148e-06 1.0 -0.08038738369941711 0.0 0.0 0.0 1.0  </matrix>
													<extra>
														<technique profile="LSTools">
														</technique>
													</extra>
											</node>
											<node id="id-bone-74" sid="id-skelbones-2-71" name="lowerlip_11" type="JOINT">
												<matrix sid="transform"> 1.0 1.3552527156068805e-17 -4.053233624290442e-07 0.021412188187241554 7.231550427921896e-13 1.0 1.805998181225732e-06 0.06463782489299774 4.053233624290442e-07 -1.8059990907204337e-06 1.0 -0.08748658746480942 0.0 0.0 0.0 1.0  </matrix>
													<extra>
														<technique profile="LSTools">
														</technique>
													</extra>
											</node>
											<node id="id-bone-75" sid="id-skelbones-2-72" name="lowerlip_10" type="JOINT">
												<matrix sid="transform"> 1.0 1.3552527156068805e-17 -4.053233624290442e-07 0.018013492226600647 7.231550427921896e-13 1.0 1.805998181225732e-06 0.06765630096197128 4.053233624290442e-07 -1.8059990907204337e-06 1.0 -0.09997492283582687 0.0 0.0 0.0 1.0  </matrix>
													<extra>
														<technique profile="LSTools">
														</technique>
													</extra>
											</node>
											<node id="id-bone-76" sid="id-skelbones-2-73" name="lowerlip_09" type="JOINT">
												<matrix sid="transform"> 1.0 5.4752209710517974e-18 -4.0532319189878763e-07 0.014661416411399841 7.657889079804026e-13 1.0 1.906343641167041e-06 0.07164611667394638 4.0532319189878763e-07 -1.9063445506617427e-06 1.0 -0.11502649635076523 0.0 0.0 0.0 1.0  </matrix>
													<extra>
														<technique profile="LSTools">
														</technique>
													</extra>
											</node>
											<node id="id-bone-77" sid="id-skelbones-2-74" name="lowerlip_08" type="JOINT">
												<matrix sid="transform"> 1.0 1.3552527156068805e-17 -4.053233624290442e-07 0.011351708322763443 7.231550427921896e-13 1.0 1.805998181225732e-06 0.07120844721794128 4.053233624290442e-07 -1.8059990907204337e-06 1.0 -0.12406447529792786 0.0 0.0 0.0 1.0  </matrix>
													<extra>
														<technique profile="LSTools">
														</technique>
													</extra>
											</node>
											<node id="id-bone-78" sid="id-skelbones-2-75" name="lowerlip_07" type="JOINT">
												<matrix sid="transform"> 1.0 2.5207700510287978e-17 -4.0532319189878763e-07 0.006842445582151413 -5.771368626061868e-13 1.0 -1.4046563592273742e-06 0.07308341562747955 4.0532319189878763e-07 1.404656813974725e-06 1.0 -0.12957169115543365 0.0 0.0 0.0 1.0  </matrix>
													<extra>
														<technique profile="LSTools">
														</technique>
													</extra>
											</node>
											<node id="id-bone-79" sid="id-skelbones-2-76" name="lowerlip_06" type="JOINT">
												<matrix sid="transform"> 1.0 2.1433381111601868e-11 -4.0716253124628565e-07 2.048306441793102e-06 -2.2014381637069924e-11 1.0 -1.4046563592273742e-06 0.07433228939771652 4.0716253124628565e-07 1.404656813974725e-06 1.0 -0.13401579856872559 0.0 0.0 0.0 1.0  </matrix>
													<extra>
														<technique profile="LSTools">
														</technique>
													</extra>
											</node>
											<node id="id-bone-80" sid="id-skelbones-2-77" name="lowerlip_05" type="JOINT">
